0.06	2.96
0.26	3.01
0.36	2.95
0.46	3.08
0.56	3.14
0.66	3.02
0.76	2.87
0.86	2.83
0.96	3.11
1.06	3.16
1.16	3.1
1.26	2.97
1.36	3.05
1.46	3.16
1.53	3.19
1.63	3.25
1.73	3.28
1.83	3.29
1.93	3.58
2.03	3.39
2.13	3.31
2.23	3.57
2.33	3.75
2.43	3.45
2.53	3.67
2.63	3.97
2.73	3.79
2.83	3.91
2.93	4.01
3.02	4.01
3.12	4.12
3.22	4.4
3.32	4.42
3.42	4.56
3.52	4.38
3.62	4.56
3.72	4.6
3.82	4.66
3.92	4.69
4.02	4.61
4.12	4.59
4.22	4.6
4.32	4.6
4.42	4.51
4.48	4.52
4.5	4.54
4.51	4.49
4.52	4.59
4.53	4.54
4.54	4.5
4.55	4.48
4.56	4.46
4.57	4.46
4.58	4.5
4.59	4.43
4.6	4.49
4.61	4.55
4.62	4.49
4.63	4.46
4.64	4.46
4.65	4.53
4.66	4.48
4.67	4.49
4.68	4.57
4.69	4.55
4.7	4.51
4.71	4.44
4.72	4.51
4.73	4.45
4.74	4.46
4.75	4.52
4.76	4.53
4.77	4.54
4.78	4.54
4.79	4.48
4.8	4.51
4.81	4.36
4.82	4.51
4.83	4.49
4.84	4.53
4.85	4.51
4.86	4.45
4.87	4.47
4.88	4.59
4.89	4.53
4.9	4.5
4.91	4.54
4.92	4.47
4.93	4.45
4.94	4.47
4.95	4.46
4.96	4.55
4.97	4.51
4.98	4.52
4.99	4.49
5	4.6
5.01	4.53
5.02	4.57
5.03	4.53
5.04	4.53
5.05	4.49
5.06	4.56
5.07	4.52
5.08	4.47
5.09	4.55
5.1	4.39
5.11	4.46
5.12	4.41
5.13	4.37
5.14	4.45
5.15	4.51
5.16	4.5
5.17	4.49
5.18	4.44
5.19	4.4
5.2	4.35
5.21	4.32
5.22	4.4
5.23	4.36
5.24	4.48
5.25	4.37
5.26	4.36
5.27	4.26
5.28	4.3
5.29	4.28
5.3	4.35
5.31	4.33
5.32	4.51
5.33	4.44
5.34	4.29
5.35	4.37
5.36	4.36
5.37	4.4
5.38	4.33
5.39	4.29
5.4	4.27
5.41	4.3
5.42	4.3
5.43	4.29
5.44	4.37
5.45	4.28
5.46	4.34
5.47	4.33
5.48	4.38
5.49	4.39
5.5	4.32
5.51	4.3
5.52	4.32
5.53	4.28
5.54	4.36
5.55	4.36
5.56	4.36
5.57	4.37
5.58	4.45
5.59	4.22
5.6	4.38
5.61	4.31
5.62	4.35
5.63	4.35
5.64	4.27
5.65	4.41
5.66	4.39
5.67	4.37
5.68	4.47
5.69	4.42
5.7	4.38
5.71	4.35
5.72	4.41
5.73	4.45
5.74	4.33
5.75	4.37
5.76	4.31
5.77	4.43
5.78	4.43
5.79	4.29
5.8	4.3
5.81	4.29
5.82	4.35
5.83	4.26
5.84	4.43
5.85	4.21
5.86	4.26
5.87	4.32
5.88	4.25
5.89	4.32
5.9	4.34
5.91	4.34
5.92	4.26
5.93	4.35
5.94	4.29
5.95	4.19
5.96	4.22
5.97	4.28
5.98	4.31
5.99	4.26
6	4.22
6.01	4.19
6.02	4.25
6.03	4.21
6.04	4.26
6.05	4.27
6.06	4.2
6.07	4.2
6.08	4.16
6.09	4.23
6.1	4.21
6.11	4.09
6.12	4.26
6.13	4.25
6.14	4.19
6.15	4.15
6.16	4.15
6.17	4.19
6.18	4.15
6.19	4.21
6.2	4.15
6.21	4.1
6.22	4.14
6.23	4.14
6.24	4.22
6.25	4.15
6.26	4.23
6.27	4.23
6.28	4.24
6.29	4.16
6.3	4.27
6.31	4.21
6.32	4.23
6.33	4.23
6.34	4.22
6.35	4.23
6.36	4.2
6.37	4.2
6.38	4.16
6.39	4.1
6.4	4.19
6.41	4.21
6.42	3.95
6.43	4.05
6.44	4.2
6.45	4.01
6.46	4.07
6.47	3.99
6.48	3.95
6.49	4.15
6.5	4.28
6.51	3.97
6.52	4.12
6.53	4.11
6.54	4.06
6.55	4.09
6.56	4.17
6.57	4.12
6.58	4.22
6.59	4.24
6.6	4.22
6.61	4.28
6.62	4.24
6.63	4.26
6.64	4.29
6.65	4.23
6.66	4.25
6.67	4.24
6.68	4.26
6.69	4.29
6.7	4.21
6.71	4.21
6.72	4.18
6.73	4.34
6.74	4.27
6.75	4.19
6.76	4.23
6.77	4.23
6.78	4.18
6.79	4.16
6.8	4.17
6.81	4.11
6.82	4.22
6.83	4.25
6.84	4.22
6.85	4.11
6.86	4.17
6.87	4.28
6.88	4.18
6.89	4.29
6.9	4.24
6.91	4.14
6.92	4.23
6.93	4.2
6.95	4.18
6.96	4.15
6.97	4.23
6.98	4.21
6.99	4.13
7	4.14
7.01	4.12
7.02	4.08
7.03	4.15
7.04	4.16
7.05	4
7.06	4.16
7.07	4.26
7.08	4.18
7.09	4.22
7.1	4.16
7.11	4.11
7.12	4.24
7.13	4.18
7.14	4.21
7.15	4.18
7.16	4.11
7.17	4.08
7.18	4.13
7.19	4.22
7.2	4.22
7.21	4.18
7.22	4.16
7.23	4.16
7.24	3.87
7.25	4.13
7.26	4.16
7.27	4.13
7.28	4.1
7.29	4.08
7.3	4.08
7.31	4
7.32	4.15
7.33	4.15
7.34	4.05
7.35	4.02
7.36	3.96
7.37	3.95
7.38	4.01
7.39	4.13
7.4	4
7.41	3.93
7.42	3.92
7.43	4.06
7.44	4.06
7.45	3.98
7.46	4.18
7.47	4.05
7.48	4.15
7.49	4.07
7.5	4.25
7.51	4.11
7.52	4.09
7.53	4.21
7.54	4.21
7.55	4.16
7.56	4.24
7.57	4.23
7.58	4.2
7.59	4.13
7.6	4.12
7.61	4.15
7.62	4.14
7.63	4.22
7.64	4.18
7.65	4.15
7.66	4.14
7.67	4.04
7.68	4.26
7.69	4.19
7.7	4.28
7.71	4.23
7.72	4.14
7.73	4.24
7.74	4.15
7.75	4.2
7.76	4.12
7.77	4.03
7.78	4.28
7.79	4.35
7.8	4.19
7.81	4.15
7.82	4.14
7.83	4.22
7.85	4.16
7.86	4.13
7.87	4.25
7.88	4.14
7.89	4.18
7.9	4.14
7.91	4.13
7.92	4.13
7.93	4.15
7.94	4.18
7.95	4.16
7.96	4.17
7.97	4.03
7.98	4.14
7.99	4.15
8	4.1
8.01	3.95
8.02	4.13
8.03	4.15
8.04	4.05
8.05	4.16
8.06	4.01
8.07	4.04
8.08	4.11
8.09	4.05
8.1	4.08
8.11	4.02
8.12	3.94
8.13	3.95
8.14	3.97
8.15	3.97
8.16	3.92
8.17	3.97
8.18	3.95
8.19	4.14
8.2	4
8.21	3.83
8.22	3.97
8.23	4.03
8.24	4.07
8.25	4.04
8.26	4.14
8.27	4.05
8.28	4.01
8.29	4.04
8.3	4.03
8.31	4.05
8.32	4.12
8.33	4.08
8.34	4.14
8.35	4.21
8.36	4.09
8.37	4.1
8.38	4.19
8.39	4.13
8.4	4.1
8.41	4.11
8.42	4.17
8.43	4.18
8.44	4.18
8.45	4.14
8.46	4.11
8.47	4.23
8.48	4.13
8.49	3.99
8.5	4.13
8.51	4.02
8.52	4.03
8.53	4.03
8.54	4.04
8.55	4.03
8.56	4.03
8.57	4.07
8.58	3.99
8.59	3.96
8.6	3.98
8.61	3.87
8.62	3.97
8.63	4.02
8.64	3.93
8.65	3.93
8.66	3.94
8.67	4
8.68	3.94
8.69	3.94
8.7	3.91
8.71	3.9
8.72	3.89
8.73	4.06
8.74	3.98
8.75	3.91
8.76	3.99
8.77	3.99
8.78	4.15
8.79	4.11
8.8	4.02
8.81	4.11
8.82	4.19
8.83	4.14
8.84	4.03
8.85	4.08
8.86	4.13
8.87	4.12
8.88	4.14
8.89	4.12
8.9	4.27
8.91	4.13
8.92	4.14
8.93	4.21
8.94	4.3
8.95	4.38
9.01	4.35
9.11	4.19
9.21	4.19
9.31	4.21
9.41	4.35
9.51	4.28
9.61	4.12
9.71	4.16
9.81	4.07
9.91	3.84
10.01	4.07
10.11	3.88
10.21	3.75
10.31	3.87
10.41	3.69
10.51	3.56
10.71	3.57
10.81	3.37
10.91	3.4
11.01	3.54
11.11	3.85
11.21	3.86
11.31	3.83
11.41	3.74
11.51	3.65
11.61	3.48
11.71	3.54
11.81	3.49
11.91	3.52
12	3.54
12.1	3.36
12.2	3.41
12.3	3.66
12.4	3.62
12.5	3.73
12.6	3.64
12.7	3.77
12.8	3.79
12.9	3.58
13	3.49
13.1	3.43
13.2	3.27
13.3	3.03
13.4	2.88
13.5	2.96
13.6	2.98
13.7	3.07
13.8	2.77
13.9	3.22
14	3.14
14.1	3.7
14.2	4.04
14.3	4.34
14.4	4.55
14.5	4.64
14.6	4.36
14.7	4.59
14.8	4.5
14.9	4.53
15	4.4
15.1	4.34
15.2	4.34
15.3	4.41
15.4	4.35
15.5	4.3
15.6	4.21
15.7	4.35
15.8	4.28
15.9	4.3
16	4.41
16.1	4.17
16.2	4.23
16.3	4.37
16.4	4.08
16.49	4.22
16.69	4.13
16.89	4.04
17.09	4.07
17.29	4.08
17.49	4.17
17.69	4.19
17.89	4.25
17.99	4.3
18.19	4.03
18.39	3.74
18.59	3.66
18.79	3.67
18.99	3.38
19.19	3.14
19.39	3.67
19.47	3.39
19.67	3.34
19.87	3.37
20.07	3.64
20.27	3.69
20.47	3.99
20.67	4.12
20.87	3.91
20.97	3.65
21.17	3.83
21.37	3.8
21.57	3.6
21.77	3.57
21.97	3.31
22.17	3.25
22.37	4.06
22.48	4.04
22.68	4.23
22.88	4.36
23.08	4.33
23.28	4.35
23.48	4.16
23.68	4.04
23.88	4.24
23.98	4.29
24.18	4.03
24.38	4.15
24.58	4.25
24.78	4.26
24.98	4.32
25.18	4.2
25.46	4.16
25.66	3.91
25.87	3.72
26.06	3.79
26.26	3.67
26.46	3.54
26.66	3.56
26.87	3.97
26.96	4.02
27.16	4.04
27.37	4.14
27.56	4.06
27.76	3.81
27.96	3.43
28.16	3.64
28.37	3.66
28.46	3.46
28.66	3.54
28.87	3.39
29.06	3.55
29.26	3.56
29.46	3.24
29.66	3.16
29.87	3.06
29.96	3.03
30.16	3.07
30.37	3.64
30.56	3.91
30.76	4.09
30.96	4.68
31.16	4.59
31.37	4.58
31.46	4.36
31.66	4.34
31.87	4.25
32.06	4.32
32.26	4.25
32.46	4.33
32.66	4.16
32.86	4.26
32.96	4.2
33.16	4.11
33.36	3.96
33.56	4.18
33.76	4.01
33.96	4.04
34.16	3.96
34.36	3.87
34.46	3.97
34.66	3.72
34.86	3.82
35.06	3.58
35.26	3.6
35.46	3.72
35.66	3.54
35.86	3.36
35.96	3.09
36.06	3.24
36.16	3.03
36.26	2.83
36.36	2.97
36.46	2.89
36.56	3
36.66	2.93
36.76	3.12
36.86	3.04
36.96	3.06
37.06	3.03
37.16	3.21
37.26	3.33
37.36	3.47
37.46	3.88
37.56	3.64
37.66	3.81
37.76	3.83
37.86	4.17
37.96	4.34
38.06	4.7
38.26	4.84
38.46	4.57
38.66	4.78
38.86	4.65
38.96	4.6
39.16	4.53
39.36	4.46
39.56	4.35
39.76	4.25
39.96	4.27
40.16	4.21
40.36	4.32
40.46	4.38
