0.225	3.223		
0.245	3.240		
0.265	3.141		
0.285	3.164		
0.305	3.052		
0.325	3.110		
0.345	3.024		
0.365	3.197		
0.385	3.158		
0.405	3.079		
0.425	3.115		
0.445	3.190		
0.465	3.197		
0.485	3.064		
0.505	3.121		
0.525	3.202		
0.545	3.028
0.565	3.271
0.585	3.165
0.605	3.082
0.625	3.038
0.645	3.202
0.665	3.192
0.685	2.926
0.705	2.855
0.725	2.853
0.745	3.128
0.765	3.166
0.785	3.064
0.805	3.886
0.845	3.114
0.865	3.157
0.885	3.084
0.905	3.073
0.925	3.177
0.945	3.173
0.985	3.250
1.005	3.264
1.045	3.104
1.065	3.070
1.085	3.288
1.105	2.953
1.125	3.233
1.145	3.174
1.165	2.826
1.185	3.153
1.205	3.691
1.225	3.160
1.245	3.362
1.265	3.606
1.285	3.231
1.305	3.267
1.325	3.280
1.345	3.433
1.365	3.246
1.385	3.199
1.405	3.346
1.425	3.383
1.445	3.274
1.465	3.478
1.485	3.401
1.505	4.111
1.525	3.583
1.545	3.314
1.585	3.568
1.605	3.864
1.625	3.262
1.645	3.788
1.665	3.535
1.685	3.717
1.705	3.546
1.725	3.035
1.745	3.680
1.765	3.949
1.785	3.807
1.805	3.320
1.845	3.664
1.865	3.665
1.885	3.646
1.905	3.781
1.925	3.362
1.945	3.585
1.965	3.751
1.985	3.772
2.005	3.970
2.025	3.728
2.065	3.969
2.085	4.015
2.105	3.982
2.125	4.058
2.145	3.930
2.165	3.756
2.185	4.075
2.205	3.912
2.225	4.109
2.265	4.117
2.285	4.063
2.305	4.253
2.325	4.086
2.345	4.057
2.365	3.954
2.385	4.015
2.405	4.146
2.425	3.934
2.445	3.890
2.465	4.322
2.485	3.939
2.505	4.167
2.525	3.801
2.565	4.397
2.585	4.250
2.605	4.226
2.625	4.450
2.645	4.654
2.665	4.377
2.685	4.357
2.705	4.302
2.725	4.458
2.745	4.483
2.765	4.610
2.785	4.463
2.805	4.650
2.825	4.667
2.845	4.628
2.865	4.404
2.885	4.764
2.905	4.468
2.945	4.196
2.965	4.738
2.985	4.969
3.005	5.063
3.025	4.925
3.045	5.032
3.065	4.047
3.105	5.097
3.145	5.068
3.165	4.908
3.185	4.903
3.205	4.910
3.225	4.873
3.245	5.075
3.265	4.709
3.285	4.919
3.305	4.834
3.325	4.904
3.345	4.946
3.365	5.040
3.385	4.638
3.405	4.672
3.425	5.000
3.445	5.114
3.465	4.960
3.485	4.960
3.505	5.178
3.525	4.726
3.545	4.785
3.565	4.818
3.585	4.697
3.605	4.908
3.625	4.604
3.645	4.729
3.665	4.930
3.685	4.745
3.705	4.784
3.725	4.997
3.745	4.948
3.765	4.928
3.785	4.895
3.805	4.862
3.825	5.095
3.845	4.944
3.865	4.733
3.885	4.952
3.905	4.912
3.925	4.853
3.945	4.696
3.965	4.676
3.985	4.695
4.005	4.956
4.025	4.972
4.045	4.698
4.065	4.946
4.085	4.977
4.105	4.664
4.125	4.827
4.145	5.020
4.165	4.799
4.185	4.694
4.205	4.742
4.225	4.759
4.245	4.910
4.265	4.943
4.285	4.826
4.305	4.859
4.325	4.695
4.345	4.811
4.365	4.778
4.385	4.894
4.405	4.843
4.425	4.815
4.445	4.770
4.465	4.726
4.485	4.719
4.51	4.796
4.57	4.883
4.59	4.856
4.63	4.773
4.65	4.953
4.67	4.786
4.69	4.831
4.73	4.586
4.75	4.748
4.77	4.708
4.81	4.758
4.83	4.830
4.85	4.493
4.87	4.829
4.89	4.391
4.91	4.767
4.93	4.511
4.95	4.766
4.97	4.811
4.99	4.747
5.01	4.673
5.03	4.772
5.05	4.346
5.07	4.484
5.09	4.537
5.11	4.563
5.13	4.577
5.15	4.534
5.17	4.660
5.19	4.403
5.21	4.507
5.25	4.671
5.27	4.432
5.29	4.566
5.31	4.716
5.35	4.493
5.37	4.379
5.41	4.506
5.43	4.619
5.45	4.628
5.47	4.691
5.49	4.726
5.51	4.579
5.53	4.605
5.55	4.663
5.57	4.619
5.59	4.835
5.61	4.718
5.63	4.721
5.65	4.614
5.67	4.530
5.71	4.640
5.73	4.325
5.75	4.454
5.79	4.501
5.81	4.751
5.83	4.596
5.85	4.583
5.89	4.596
5.91	4.549
5.95	4.449
5.97	4.509
6.03	4.561
6.09	4.295
6.11	4.420
6.13	4.555
6.15	4.480
6.17	4.573
6.19	4.490
6.21	4.321
6.23	4.504
6.25	4.419
6.27	4.297
6.29	4.449
6.31	4.378
6.33	4.430
6.37	4.372
6.39	4.355
6.41	4.182
6.43	4.446
6.45	4.470
6.49	4.394
6.51	4.504
6.53	4.609
6.55	4.434
6.57	4.257
6.59	4.370
6.61	4.159
6.63	4.300
6.6525	4.146
6.6725	4.041
6.6925	4.119
6.7125	4.245
6.7325	4.094
6.7525	4.312
6.7725	4.058
6.8325	4.725
6.8525	3.923
6.8725	4.618
6.8925	4.170
6.9125	4.637
6.9725	4.305
6.9925	4.453
7.0125	4.555
7.0525	4.559
7.0725	4.160
7.0925	4.339
7.1125	4.589
7.1325	4.442
7.1725	4.497
7.1925	4.481
7.2125	4.447
7.2325	4.257
7.2525	4.469
7.2725	4.270
7.2925	4.446
7.3125	4.469
7.3325	4.558
7.3525	4.472
7.3725	4.213
7.3925	4.116
7.4125	4.172
7.4325	4.105
7.4525	4.172
7.4725	4.294
7.5125	4.152
7.5325	4.153
7.5525	4.106
7.5725	4.448
7.5925	4.401
7.6125	4.312
7.6325	4.374
7.6525	4.409
7.6925	4.488
7.7125	4.368
7.7325	4.401
7.7525	4.507
7.7725	4.477
7.7925	4.426
7.8125	4.357
7.8325	4.366
7.8525	3.975
7.8725	4.324
7.8925	4.392
7.9125	4.080
7.9325	4.267
7.9525	4.209
7.9725	4.239
7.9925	3.972
8.0125	4.299
8.0325	4.192
8.0525	4.251
8.0725	4.073
8.0925	4.018
8.1125	4.081
8.1325	3.956
8.1525	4.089
8.1725	4.271
8.1925	4.288
8.2125	4.240
8.2325	4.325
8.2525	4.401
8.2725	4.365
8.2925	4.273
8.3125	4.300
8.3325	4.198
8.3525	4.200
8.3725	4.194
8.3925	4.156
8.4125	4.222
8.4325	4.176
8.4525	4.056
8.4725	4.016
8.4925	4.185
8.5125	4.039
8.5325	3.916
8.5525	4.099
8.5725	4.174
8.5925	4.055
8.6125	3.955
8.6325	4.268
8.6525	4.180
8.6725	4.163
8.6925	4.149
8.7125	4.271
8.7325	4.179
8.7525	4.341
8.7725	4.338
8.7925	4.393
8.8125	4.417
8.8325	4.208
8.8525	4.405
8.8725	4.505
8.8925	4.472
8.9125	4.325
8.9325	4.380
8.9525	4.395
8.9725	4.544
8.9925	4.216
9.0125	4.532
9.0325	4.062
9.0525	4.338
9.0725	4.525
9.0925	4.249
9.1125	4.456
9.1325	4.474
9.1525	4.639
9.1725	4.785
9.1925	4.691
9.2125	4.654
9.2325	4.479
9.2525	4.489
9.2725	4.491
9.2925	4.437
9.3125	4.454
9.3325	4.509
9.3525	4.484
9.3725	4.513
9.3925	4.471
9.4125	4.529
9.4325	4.567
9.4525	4.638
9.4725	4.526
9.4925	4.518
9.5125	4.549
9.5325	4.618
9.5525	4.448
9.5725	4.564
9.5925	3.802
9.6125	3.767
9.6325	4.546
9.6525	4.636
9.6725	4.433
9.7125	4.612
9.7325	3.605
9.7725	4.446
9.7925	4.530
9.8125	4.505
9.8325	3.741
9.8525	4.609
9.8725	4.621
9.8925	4.488
9.9125	4.638
9.9325	4.279
9.9725	4.748
9.9925	4.557
10.0125	4.422
10.0325	4.711
10.0525	4.689
10.0725	4.535
10.0925	4.571
10.1125	4.658
10.1325	4.651
10.1525	4.751
10.1725	4.713
10.1925	4.442
10.2125	4.541
10.2325	4.643
10.2525	4.676
10.2725	4.669
10.2925	4.642
10.3125	4.634
10.3325	4.429
10.3525	4.538
10.3925	4.554
10.4125	4.537
10.4325	4.578
10.4525	4.656
10.4925	4.613
10.5125	4.479
10.5325	4.538
10.5525	4.332
10.5725	4.378
10.5925	4.305
10.6125	4.216
10.6325	3.910
10.6525	3.875
10.6725	3.959
10.6925	3.994
10.7125	4.111
10.7325	4.105
10.7525	3.884
10.7725	3.930
10.7925	3.936
10.8125	3.894
10.8325	4.097
10.8525	4.105
10.8725	3.876
10.8925	3.924
10.9125	3.987
10.9325	4.025
10.9525	3.890
10.9725	3.855
10.9925	3.775
11.0125	3.942
11.0325	3.895
11.0525	4.062
11.0725	4.130
11.0925	3.904
11.1125	3.970
11.1325	4.191
11.1525	3.895
11.1725	4.113
11.1925	3.908
11.2125	3.659
11.2325	3.856
11.2725	3.966
11.2925	3.917
11.3125	3.841
11.3325	3.920
11.3525	3.845
11.3725	3.836
11.3925	3.837
11.4125	3.835
11.4325	3.509
11.4525	3.743
11.4725	3.775
11.4925	3.679
11.5125	3.692
11.5325	3.425
11.5525	3.609
11.5725	3.640
11.5925	3.714
11.6125	3.563
11.6325	3.576
11.6525	3.525
11.6725	3.670
11.6925	3.658
11.7125	3.563
11.7325	3.656
11.7525	3.616
11.7725	3.601
11.7925	3.479
11.8125	3.661
11.8325	3.382
11.8525	3.459
11.8725	3.573
11.8925	3.414
11.9125	3.450
11.9325	3.296
11.9525	3.679
11.9725	3.625
11.9925	3.423
12.0125	3.596
12.0325	3.609
12.0525	3.625
12.0725	3.717
12.0925	3.758
12.1125	3.578
12.1325	3.933
12.1525	3.790
12.1925	4.003
12.2125	3.959
12.2325	3.957
12.2525	3.785
12.2725	3.963
12.2925	3.989
12.3125	3.971
12.3325	4.028
12.3525	4.014
12.3725	4.021
12.3925	4.069
12.4125	4.251
12.4325	4.290
12.4525	4.264
12.4725	4.279
12.4925	4.183
12.5125	4.253
12.5325	4.095
12.5525	4.209
12.5725	4.049
12.5925	4.126
12.6125	4.087
12.6325	4.138
12.6525	3.950
12.6725	3.949
12.6925	4.048
12.7125	4.099
12.7325	4.134
12.7525	4.022
12.7725	3.846
12.7925	4.053
12.8125	3.882
12.8325	3.887
12.8525	3.870
12.8725	4.043
12.8925	3.901
12.9125	3.883
12.9325	3.725
12.9525	3.976
12.9725	3.873
12.9925	3.826
13.0125	3.858
13.0325	3.743
13.0525	3.932
13.0725	3.756
13.0925	3.770
13.1125	3.940
13.1325	3.817
13.1525	3.851
13.1925	3.903
13.2125	3.918
13.2325	3.850
13.2525	3.656
13.2725	3.842
13.2925	3.499
13.3125	3.813
13.3325	3.813
13.3525	3.720
13.3725	3.770
13.3925	3.747
13.4125	3.850
13.5125	3.646
13.5325	3.738
13.5525	3.799
13.5725	3.852
13.5925	3.779
13.6125	3.858
13.6325	3.808
13.6525	3.727
13.6725	3.756
13.6925	3.706
13.7125	3.753
13.7325	3.613
13.7525	3.617
13.7725	3.672
13.7925	3.658
13.8125	3.753
13.8325	3.817
13.8525	3.631
13.8725	3.441
13.8925	3.546
13.9125	3.646
13.9325	3.697
13.9725	3.761
13.9925	3.663
14.0125	3.751
14.0325	4.001
14.0525	3.974
14.0725	3.839
14.0925	3.939
14.1125	3.876
14.1325	3.971
14.1525	3.269
14.1725	3.658
14.1925	3.848
14.2125	3.769
14.2325	3.898
14.2725	4.034
14.2925	3.923
14.3125	3.676
14.3325	3.840
14.3725	3.610
14.3925	3.594
14.4325	3.897
14.4525	3.502
14.4725	3.798
14.4925	3.830
14.5125	3.997
14.5325	3.745
14.5525	3.786
14.5725	4.004
14.5925	4.039
14.6125	4.170
14.6325	3.997
14.6525	4.130
14.6725	3.970
14.6925	3.863
14.7125	3.844
14.7325	3.865
14.7525	3.814
14.7725	3.845
14.7925	3.729
14.8125	3.685
14.8325	3.767
14.8525	3.910
14.8725	3.873
14.8925	4.029
14.9125	3.876
14.9325	3.871
14.9525	3.810
14.9725	3.735
14.9925	3.844
15.0125	3.711
15.0325	3.868
15.0525	3.829
15.0725	3.685
15.0925	3.439
15.1125	3.493
15.1325	3.265
15.1525	3.198
15.1725	3.208
15.1925	3.176
15.2125	3.233
15.2325	3.068
15.2525	3.034
15.2725	3.197
15.2925	3.202
15.3125	3.096
15.3325	2.932
15.3525	3.029
15.3725	3.071
15.3925	3.087
15.4125	2.948
15.4325	2.909
15.4525	3.053
15.4725	3.039
15.4925	2.934
15.5125	2.897
15.5325	2.928
15.5525	2.932
15.5725	3.253
15.5925	3.111
15.6125	2.999
15.6525	3.052
15.6725	2.709
15.6925	3.030
15.7125	3.001
15.7325	2.911
15.7525	2.951
15.7725	3.103
15.8125	2.788
15.8325	2.534
15.8525	3.021
15.8725	3.442
15.9325	2.788
15.9525	3.871
15.9725	3.611
15.9925	3.403
16.0125	4.325
16.0325	3.262
16.0525	3.859
16.0725	3.863
16.0925	3.611
16.1125	4.110
16.1325	3.980
16.1525	4.094
16.1725	3.610
16.1925	3.137
16.2125	4.452
16.2325	4.356
16.2725	4.188
16.2925	4.234
16.3125	4.337
16.3325	4.523
16.3525	4.437
16.3725	4.141
16.3925	4.531
16.4125	4.368
16.4325	4.803
16.4525	4.229
16.4725	4.756
16.4925	4.702
16.5125	4.237
16.5325	4.778
16.5525	4.867
16.5725	4.760
16.5925	4.814
16.6125	4.819
16.6325	4.752
16.6525	4.315
16.6725	4.814
16.7125	4.835
16.7325	4.856
16.7525	4.839
16.7725	4.819
16.7925	4.966
16.8125	5.068
16.8325	4.815
16.8525	4.820
16.8725	4.937
16.8925	4.995
16.9125	4.856
16.9325	4.994
16.9525	4.832
16.9725	4.937
16.9925	4.797
17.0125	4.953
17.0325	4.761
17.0525	4.746
17.0725	5.118
17.0925	4.682
17.1125	4.730
17.1325	4.698
17.1525	4.686
17.1725	4.944
17.1925	4.798
17.2125	4.184
17.2325	4.490
17.2525	4.618
17.2725	4.543
17.2925	4.497
17.3125	4.453
17.3325	4.499
17.3525	4.552
17.3725	4.562
17.3925	4.373
17.4125	4.536
17.4325	4.495
17.4525	4.637
17.4725	4.423
17.4925	4.517
17.5125	3.835
17.5325	4.601
17.5525	4.403
17.5725	4.513
17.5925	4.488
17.6125	4.426
17.6325	4.103
17.6525	4.442
17.6725	4.099
17.6925	4.456
17.7125	4.321
17.7325	4.230
17.7525	4.514
17.7925	4.510
17.8125	4.349
17.8325	4.356
17.8525	4.336
17.8925	4.236
17.9125	4.420
17.9325	4.530
17.9525	5.151
17.9725	4.543
17.9925	3.928
18.0125	4.202
18.0325	4.457
18.0525	4.212
18.0725	4.379
18.0925	4.374
18.1125	4.374
18.1325	4.277
18.1525	4.264
18.1725	4.407
18.1925	4.489
18.2125	4.367
18.2325	4.519
18.2525	4.287
18.2725	4.468
18.2925	4.387
18.3125	4.395
18.3325	4.372
18.3525	4.238
18.3725	4.395
18.3925	4.495
18.4125	4.535
18.4325	4.483
18.4525	4.579
18.4725	4.302
18.4925	4.386
18.5125	4.391
18.5325	4.605
18.5725	4.575
18.5925	4.376
18.6125	5.011
18.6325	4.511
18.6525	4.828
18.6725	4.671
18.6925	4.442
18.7125	4.630
18.7325	4.278
18.7525	4.265
18.7725	4.505
18.7925	4.497
18.8125	4.476
18.8325	4.846
18.8525	4.567
18.8725	4.443
18.8925	4.500
18.9125	4.512
18.9325	4.617
18.9525	4.598
18.9725	4.569
18.9925	4.521
19.0125	4.669
19.0325	4.693
19.0525	4.621
19.0725	4.670
19.0925	4.666
19.1125	4.737
19.1325	4.807
19.1525	4.718
19.1725	4.593
19.1925	4.610
19.2125	4.589
19.2325	4.674
19.2525	4.566
19.2725	4.631
19.2925	5.274
19.3125	4.581
19.3325	5.511
19.3525	4.670
19.3725	4.505
19.3925	5.123
19.4125	4.661
19.4325	4.637
19.4525	4.715
19.4725	4.636
19.4925	4.682
19.5325	4.656
19.5725	4.970
19.5925	4.798
19.6325	4.695
19.6725	4.738
19.6925	4.641
19.7125	4.476
19.7325	4.492
19.7525	4.542
19.7725	4.418
19.7925	4.438
19.8125	4.518
19.8325	4.389
19.8525	4.458
19.8725	4.372
19.8925	4.218
19.9125	4.255
19.9325	4.350
19.9525	4.405
19.9725	4.393
19.9925	4.317
20.0125	4.390
20.0325	4.411
20.0525	4.531
20.0725	4.268
20.0925	4.688
20.1125	4.255
20.1325	4.305
20.1525	4.245
20.1725	4.332
20.1925	4.513
20.2125	4.300
20.2325	4.465
20.2525	4.338
20.2725	4.288
20.2925	4.402
20.3125	4.155
20.3325	4.513
20.3725	4.157
20.3925	4.213
20.4125	4.485
20.4325	4.397
20.4525	4.399
20.4725	4.400
20.4925	4.435
20.5125	4.312
20.5325	4.399
20.5525	4.335
20.5725	4.344
20.5925	4.309
20.6125	4.294
20.6325	4.274
20.6525	4.156
20.6725	4.041
20.6925	4.170
20.7125	4.157
20.7325	3.911
20.7525	4.053
20.7725	3.989
20.7925	4.043
20.8125	3.957
20.8325	4.021
20.8525	4.067
20.8725	3.949
20.8925	4.056
20.9125	4.049
20.9325	4.025
20.9525	3.970
20.9725	4.116
20.9925	4.027
21.1125	4.021
21.1325	4.105
21.1525	3.890
21.1725	4.017
21.1925	3.966
21.2125	3.709
21.2325	4.022
21.2525	4.020
21.2725	4.027
21.2925	4.063
21.3125	4.051
21.3325	4.037
21.3525	3.597
21.3925	4.055
21.4125	4.280
21.4325	4.355
21.4525	4.384
21.4725	4.347
21.4925	4.338
21.5125	4.396
21.5325	4.380
21.5525	4.368
21.5725	4.333
21.5925	4.192
21.6125	4.343
21.6325	4.344
21.6525	4.308
21.6925	4.268
21.7125	4.204
21.7325	4.289
21.7525	4.240
21.7725	4.255
21.7925	4.194
21.8325	4.270
21.8525	4.363
21.8725	4.240
21.8925	4.310
21.9125	4.311
21.9325	4.432
21.9525	4.340
21.9725	4.511
21.9925	4.324
22.0125	4.494
22.0325	4.422
22.0525	4.327
22.0725	4.012
22.0925	3.921
22.1125	4.097
22.1325	3.880
22.1525	4.010
22.1725	3.998
22.1925	3.943
22.2125	3.972
22.2325	3.894
22.2525	4.061
22.2725	4.035
22.2925	3.953
22.3125	3.905
22.3325	3.998
22.3525	4.034
22.3725	4.056
22.3925	3.904
22.4125	4.444
22.4325	4.447
22.4525	4.407
22.4725	4.464
22.4925	4.573
22.5125	4.392
22.5325	4.419
22.5525	4.420
22.5725	4.355
22.5925	4.470
22.6125	4.438
22.6325	4.599
22.6725	4.435
22.6925	4.288
22.7125	4.367
22.7325	4.077
22.7725	4.072
22.7925	4.220
22.8125	4.001
22.8325	4.178
22.8525	3.844
22.8725	4.010
22.8925	3.852
22.9125	3.937
22.9325	3.903
22.9525	3.786
22.9725	3.766
22.9925	3.967
23.0125	3.755
23.0325	3.541
23.0525	3.594
23.0725	3.603
23.0925	3.584
23.1125	3.652
23.1325	3.585
23.1525	3.772
23.1725	3.549
23.1925	3.647
23.2125	3.621
23.2525	3.443
23.2725	3.482
23.2925	3.269
23.3125	3.517
23.3325	3.189
23.3525	3.422
23.3725	3.339
23.3925	3.388
23.4125	3.331
23.4325	3.297
23.4525	2.872
23.4725	3.230
23.4925	3.311
23.5325	3.294
23.5525	3.228
23.5725	3.297
23.6125	3.341
23.6325	3.256
23.6525	3.281
23.6725	3.269
23.6925	3.294
23.7125	3.571
23.7325	3.135
23.7525	2.877
23.7725	3.280
23.7925	3.214
23.8125	3.345
23.8325	3.365
23.8525	3.674
23.8725	3.660
23.8925	3.734
23.9125	3.753
23.9325	3.691
23.9525	3.562
23.9725	3.610
23.9925	3.770
24.0125	3.723
24.0325	3.668
24.0525	3.609
24.0725	3.654
24.0925	3.435
24.1125	3.304
24.1325	3.439
24.1525	3.446
24.1725	3.419
24.1925	3.109
24.2125	3.152
24.2325	3.171
24.2525	3.134
24.2725	3.117
24.2925	3.139
24.3125	3.191
24.3325	3.190
24.3525	3.185
24.3725	3.194
24.3925	3.134
24.4125	3.216
24.4325	3.176
24.4525	3.230
24.4725	2.976
24.4925	3.127
24.5125	3.118
24.5325	3.075
24.5525	3.383
24.5725	3.472
24.5925	3.348
24.6125	3.479
24.6325	3.461
24.6525	3.448
24.6725	3.348
24.6925	3.474
24.7125	3.666
24.7325	3.604
24.7525	3.563
24.7725	3.712
24.7925	3.907
24.8125	3.764
24.8325	3.860
24.8525	3.793
24.8725	3.958
24.8925	4.043
24.9125	3.844
24.9325	3.760
24.9525	3.460
24.9725	3.648
24.9925	4.434
25.0125	4.507
25.0325	4.374
25.0525	4.389
25.0725	3.862
25.0925	4.186
25.1125	4.352
25.1325	4.364
25.1525	4.390
25.1725	4.246
25.1925	4.280
25.2125	4.326
25.2325	4.360
25.2525	4.410
25.2725	4.181
25.2925	4.608
25.3125	4.458
25.3525	4.329
25.3725	4.457
25.3925	4.468
25.4125	4.620
25.4325	4.518
25.4525	4.505
25.4725	4.364
25.4925	4.339
25.5125	3.925
25.5325	4.306
25.5525	3.994
25.5725	3.875
25.5925	4.362
25.6125	4.271
25.6325	3.919
25.6525	3.917
25.6725	3.916
25.6925	3.913
25.7125	3.923
25.7325	3.952
25.7525	4.224
25.7725	3.750
25.7925	3.992
25.8125	3.962
25.8325	3.705
25.8525	3.921
25.8725	4.011
25.8925	4.008
25.9125	4.259
25.9325	3.390
25.9525	3.811
25.9725	3.869
25.9925	3.051
26.0125	3.619
26.0325	3.766
26.0525	3.767
26.0725	3.686
26.0925	3.660
26.1125	3.414
26.1325	3.341
26.1525	3.398
26.1925	3.395
26.2125	3.339
26.2325	3.459
26.2525	3.270
26.2725	3.278
26.2925	3.319
26.3125	3.266
26.3325	3.341
26.3525	3.376
26.3725	3.330
26.3925	3.317
26.4125	3.311
26.4325	3.478
26.4525	3.266
26.4725	3.295
26.4925	3.244
26.5125	3.438
26.5325	3.342
26.5525	3.325
26.5725	3.076
26.5925	3.105
26.6125	3.331
26.6325	3.280
26.6525	3.401
26.6725	3.142
26.6925	2.915
26.7125	2.981
26.7325	3.149
26.7525	2.924
26.7725	2.955
26.7925	2.954
26.8125	3.011
26.8325	2.857
26.8525	2.893
26.8725	3.033
26.8925	2.846
26.9125	2.395
26.9325	3.006
26.9525	3.245
26.9925	3.406
27.0125	3.331
27.0325	3.735
27.0525	3.030
27.0725	3.287
27.0925	3.437
27.1125	3.380
27.1325	3.466
27.1525	3.450
27.1725	3.609
27.1925	4.249
27.2125	4.159
27.2325	3.833
27.2525	3.311
27.2725	4.237
27.2925	4.473
27.3125	3.866
27.3325	3.987
27.3525	4.012
27.3725	4.759
27.3925	4.255
27.4125	4.045
27.4325	4.157
27.4525	4.296
27.4725	4.192
27.4925	4.468
27.5125	4.269
27.5325	4.170
27.5725	4.586
27.5925	3.397
27.6125	4.509
27.6325	4.876
27.6525	4.207
27.6725	4.311
27.6925	4.634
27.7125	4.389
27.7325	4.524
27.7525	4.238
27.7725	4.066
27.7925	4.249
27.8125	4.438
27.8325	4.513
27.8525	4.543
27.8725	4.726
27.8925	4.565
27.9125	4.648
27.9325	4.568
27.9525	4.586
27.9725	4.515
27.9925	4.467
28.0125	4.125
28.0325	4.687
28.0525	4.724
28.0725	4.689
28.0925	4.132
28.1125	4.689
28.1325	4.464
28.1725	4.508
28.2125	4.640
28.2325	4.644
28.2525	4.548
28.2725	4.629
28.2925	4.645
28.3125	4.553
28.3325	4.615
28.3525	4.641
28.3725	4.628
28.3925	3.660
28.4125	4.592
28.4325	4.537
28.4525	4.460
28.4925	3.607
28.5125	3.747
28.5325	4.333
28.5525	4.373
28.5725	4.258
28.5925	4.331
28.6125	4.232
28.6325	4.369
28.6525	4.223
28.6725	4.272
28.6925	4.374
28.7125	4.476
28.7325	4.252
28.7525	4.341
28.7725	4.061
28.7925	4.196
28.8125	4.380
28.8325	4.334
28.8525	4.256
28.8725	4.294
28.8925	4.429
28.9125	4.365
28.9325	4.420
28.9725	4.540
28.9925	4.508
29.0125	4.427
29.0325	4.439
29.0525	4.315
29.0725	4.231
29.0925	4.443
29.1125	4.337
29.1325	4.085
29.1525	4.331
29.1725	4.196
29.1925	4.190
29.2125	4.282
29.2325	4.217
29.2525	4.216
29.2725	4.312
29.2925	4.183
29.3125	4.207
29.3325	4.142
29.3525	4.248
29.3725	4.231
29.3925	3.993
29.4125	4.149
29.4325	4.128
29.4525	4.332
29.4725	4.422
29.4925	4.235
29.5125	4.188
29.5325	4.456
29.5525	4.408
29.5725	4.182
29.5925	4.215
29.6125	4.059
29.6325	4.607
29.6725	4.265
29.7125	4.123
29.7325	3.809
29.7525	4.600
29.7725	4.648
29.7925	3.964
29.8125	4.388
29.8325	4.540
29.8525	4.566
29.8725	4.289
29.8925	4.458
29.9125	4.365
29.9325	4.516
29.9525	4.568
29.9725	4.507
29.9925	4.469
30.0125	4.559
30.0325	4.568
30.0525	4.553
30.0725	4.422
30.0925	4.418
30.1125	4.478
30.1325	4.421
30.1525	4.393
30.1725	4.370
30.1925	4.243
30.2125	4.345
30.2325	4.219
30.2525	3.870
30.2725	4.373
30.2925	4.416
30.3125	4.271
30.3325	4.339
30.3525	4.333
30.3725	4.274
30.3925	4.406
30.4125	4.446
30.4325	4.334
30.4525	4.327
30.4725	4.368
30.4925	4.421
30.5125	4.424
30.5325	4.619
30.5525	4.555
30.5725	4.656
30.5925	4.657
30.6325	4.707
30.6525	4.511
30.6725	4.579
30.6925	4.658
30.7125	4.473
30.7325	4.528
30.7525	4.688
30.7725	4.651
30.7925	4.539
30.8125	4.617
30.8325	4.732
30.8525	4.509
30.8725	4.615
30.8925	4.681
30.9125	4.599
30.9325	4.472
30.9525	4.578
30.9725	4.398
30.9925	4.477
31.0125	4.268
31.0325	4.371
31.0525	4.350
31.0725	4.391
31.0925	4.470
31.1325	4.409
31.1525	4.354
31.1725	4.312
31.1925	4.433
31.2125	4.347
31.2325	4.371
31.2525	4.288
31.2725	4.246
31.2925	4.346
31.3125	4.294
31.3325	4.569
31.3525	4.198
31.3725	4.258
31.3925	4.415
31.4125	4.459
31.4325	4.321
31.5125	4.282
31.5325	4.300
31.5525	4.252
31.5725	4.304
31.5925	4.152
31.6125	4.268
31.6325	4.189
31.6525	4.385
31.6725	4.035
31.6925	4.384
31.7125	4.254
31.7325	4.177
31.7525	4.187
31.7725	4.168
31.7925	4.206
31.8125	4.266
31.8325	4.280
31.8525	4.341
31.8725	4.251
31.8925	4.276
31.9125	4.393
31.9325	4.434
31.9525	4.375
31.9725	4.044
31.9925	4.438
32.0125	3.603
32.0325	4.185
32.0525	3.814
32.0725	4.129
32.0925	4.127
32.1125	4.087
32.1325	4.068
32.1525	3.981
32.1725	4.039
32.1925	3.895
32.2125	3.748
32.2325	3.958
32.2525	3.672
32.2725	3.741
32.2925	3.734
32.3125	3.633
32.3325	3.630
32.3525	3.674
32.3725	3.490
32.3925	3.614
32.4325	3.651
32.4525	3.687
32.4725	3.611
32.4925	3.621
32.5125	3.556
32.5325	3.562
32.5525	3.712
32.5725	3.643
32.5925	3.648
32.6125	3.544
32.6325	3.575
32.6525	3.618
32.6725	3.616
32.6925	3.589
32.7125	3.752
32.7325	3.324
32.7525	3.560
32.7725	3.493
32.7925	3.625
32.8125	3.869
32.8325	3.694
32.8525	3.801
32.8725	3.710
32.8925	3.831
32.9125	3.712
32.9325	3.883
32.9525	3.837
32.9725	4.207
32.9925	4.001
33.0125	4.038
33.0325	3.855
33.0525	4.061
33.0725	4.173
33.0925	4.233
33.1125	4.041
33.1325	4.122
33.1525	4.160
33.1725	4.242
33.1925	4.327
33.2125	4.166
33.2325	4.149
33.2525	4.255
33.2725	4.132
33.2925	4.193
33.3125	4.198
33.3325	3.977
33.3525	4.083
33.3725	4.278
33.3925	4.234
33.4125	4.046
33.4325	4.284
33.4525	4.006
33.4725	4.431
33.4925	3.883
33.5125	4.252
33.5525	4.239
33.5725	4.173
33.5925	4.433
33.6125	4.440
33.6525	4.374
33.6725	4.037
33.6925	4.320
33.7325	4.023
33.7725	4.372
33.8125	4.189
33.8325	3.904
33.8525	4.018
33.8725	4.057
33.8925	4.060
33.9125	4.045
33.9325	3.313
33.9525	3.786
33.9725	3.885
33.9925	3.919
34.0125	3.620
34.0325	4.094
34.0525	3.887
34.0725	4.057
34.0925	3.828
34.1125	3.961
34.1325	3.959
34.1525	3.866
34.1725	3.750
34.1925	3.843
34.2125	3.759
34.2325	4.295
34.2525	3.740
34.2725	3.802
34.2925	3.573
34.3125	3.625
34.3325	3.726
34.3525	3.683
34.3725	3.520
34.3925	3.665
34.4125	3.499
34.4325	3.584
34.4525	3.508
34.4725	3.543
34.4925	3.509
34.5125	3.080
34.5325	3.604
34.5525	3.547
34.5725	3.667
34.5925	3.472
34.6125	3.185
34.6325	3.537
34.6525	2.813
34.6725	3.662
34.6925	3.297
34.7125	3.430
34.7325	3.587
34.7525	3.603
34.7725	3.469
34.7925	3.385
34.8125	3.351
34.8325	3.602
34.8525	3.489
34.8725	3.187
34.8925	3.322
34.9125	3.557
34.9325	3.524
34.9525	3.684
34.9725	3.531
34.9925	3.488
35.0125	3.609
35.0325	3.555
35.0525	3.789
35.0725	3.481
35.1125	3.452
35.1325	3.343
35.1525	3.309
35.1725	3.362
35.1925	3.377
35.2125	3.258
35.2325	3.129
35.2525	3.274
35.2725	3.327
35.2925	3.190
35.3125	3.176
35.3325	3.150
35.3525	3.136
35.3725	3.122
35.3925	3.091
35.4125	3.121
35.4325	3.152
35.4525	2.990
35.4725	2.972
35.4925	3.170
35.5125	3.053
35.5325	3.071
35.5525	3.073
35.5725	3.132
35.5925	2.980
35.6125	3.209
35.6325	3.011
35.6525	3.277
35.6725	3.162
35.6925	3.054
35.7125	2.993
35.7325	2.957
35.7525	3.023
35.7725	3.185
35.7925	3.175
35.8125	3.163
35.8325	3.285
35.8525	3.176
35.8725	3.342
35.8925	3.420
35.9125	3.444
35.9325	3.355
35.9525	3.536
35.9725	3.528
35.9925	3.470
36.0125	3.439
36.0325	3.602
36.0525	3.600
36.0725	3.726
36.0925	3.848
36.1125	3.738
36.1325	3.680
36.1525	3.472
36.1725	3.765
36.1925	4.002
36.2125	3.955
36.2325	4.193
36.2525	4.259
36.2725	4.286
36.2925	4.430
36.3125	4.303
36.3525	4.511
36.3725	4.592
36.3925	4.599
	
