0.02	3.27	
0.06	3.30	
0.11	3.26	
0.15	3.42	
0.19	3.46	
0.24	3.80	
0.28	4.05	
0.33	4.32	
0.37	4.86	
0.42	4.89	
0.46	4.82	
0.50	4.42	
0.55	4.68	
0.59	4.47	
0.64	4.59	
0.68	4.50	
0.73	4.52
0.77	4.38
0.81	4.44
0.86	4.37
0.90	4.37
0.95	4.28
0.99	4.20
1.04	4.34
1.08	4.39
1.12	4.25
1.17	4.35
1.21	4.44
1.26	4.33
1.30	4.35
1.35	4.25
1.39	4.13
1.43	4.14
1.48	4.33
1.52	4.04
1.57	3.85
1.61	3.83
1.65	3.84
1.70	3.81
1.74	3.99
1.79	3.85
1.83	3.93
1.88	3.93
1.92	3.81
1.96	3.89
2.01	3.94
2.05	3.95
2.10	3.79
2.14	3.49
2.19	3.20
2.23	3.37
2.27	3.31
2.32	4.00
2.36	4.18
2.41	4.62
2.45	4.66
2.50	4.71
2.54	4.59
2.58	4.62
2.63	4.62
2.67	4.49
2.72	4.52
2.76	4.64
2.81	4.59
2.85	4.58
2.89	4.58
2.94	4.50
2.98	4.43
3.03	4.40
3.07	4.34
3.12	4.31
3.16	4.24
3.20	4.34
3.25	4.33
3.29	4.31
3.34	4.15
3.38	4.32
3.42	4.03
3.47	3.90
3.51	3.72
3.56	3.55
3.60	3.56
3.65	3.53
3.69	3.65
3.73	3.78
3.78	3.50
3.82	3.48
3.87	3.67
3.91	3.79
3.96	4.17
4.00	4.03
4.04	4.31
4.09	4.26
4.13	3.90
4.18	3.97
4.22	3.67
4.27	3.68
4.31	3.56
4.35	3.68
4.40	3.89
4.44	4.42
4.49	4.39
4.53	4.48
4.58	4.53
4.62	4.26
4.66	4.42
4.71	4.26
4.75	4.29
4.80	4.32
4.84	4.45
4.88	4.36
4.93	4.38
4.97	4.24
5.02	4.03
5.06	3.67
5.11	3.84
5.15	3.63
5.19	3.84
5.24	3.95
5.28	4.12
5.33	4.11
5.37	4.09
5.42	4.09
5.46	4.14
5.50	3.95
5.55	3.86
5.59	3.79
5.61	3.70
5.65	3.89
5.70	3.96
5.74	3.83
5.79	3.78
5.83	3.61
5.88	3.54
5.92	3.54
5.96	3.57
6.01	3.34
6.05	3.27
6.10	3.18
6.14	3.17
6.19	3.07
6.23	3.14
6.27	3.25
6.36	3.57
6.45	4.23
6.50	4.63
6.54	4.46
6.58	4.49
6.63	4.59
6.72	4.48
6.76	4.56
6.81	4.41
6.85	4.48
6.89	4.44
6.94	4.43
6.98	4.31
7.03	4.27
7.07	4.13
7.12	4.23
7.16	4.21
7.25	4.26
7.34	3.87
7.42	3.82
7.51	3.84
7.60	3.34
7.69	3.21
7.78	3.37
7.87	3.59
7.96	3.85
8.04	4.51
8.13	4.86
8.22	4.84
8.31	4.77
8.35	4.61
8.44	4.43
8.53	4.33
8.62	4.39
8.71	4.34
8.80	4.22
8.88	4.12
8.97	3.99
9.06	3.73
9.15	3.53
9.24	3.68
9.33	3.57
9.42	3.66
9.50	3.73
9.59	4.03
9.68	4.09
9.77	4.00
9.86	3.68
9.95	3.96
10.04	3.97
10.12	4.15
10.21	4.38
10.30	4.31
10.39	4.05
10.48	4.09
10.57	3.81
10.65	3.73
10.74	3.56
10.83	3.51
10.92	3.73
11.01	3.97
11.10	3.89
11.19	3.77
11.27	3.71
11.35	4.01
11.36	3.88
11.43	3.88
11.45	3.55
11.52	4.13
11.54	3.47
11.61	4.64
11.63	4.22
11.70	4.90
11.79	4.57
11.88	4.50
11.96	4.57
12.05	4.50
12.14	4.46
12.23	4.51
12.32	4.38
12.41	4.48
12.50	4.43
12.58	4.35
12.67	4.18
12.76	4.01
12.85	3.50
12.94	3.55
13.03	3.78
13.12	3.87
13.20	4.13
13.29	3.96
13.38	4.44
13.47	4.32
13.56	4.12
13.65	3.83
13.73	4.14
13.82	4.26
13.91	4.26
14.00	4.24
14.09	4.18
14.18	3.94
14.27	4.06
14.35	3.66
14.44	3.59
14.53	3.70
14.62	3.38
14.71	3.80
14.80	3.98
14.88	4.14
14.97	4.34
15.06	4.21
15.15	4.10
15.24	4.23
15.33	3.60
15.42	3.63
15.50	3.84
15.59	3.64
15.68	3.71
15.77	3.56
15.86	3.48
15.95	3.38
16.04	3.40
16.12	3.61
16.21	4.32
16.30	4.42
16.39	4.39
16.48	4.15
16.57	4.20
16.65	4.17
16.74	4.21
16.83	4.20
16.92	4.07
17.01	4.04
17.10	3.93
17.19	3.92
17.27	4.25
17.45	3.98
17.54	4.13
17.63	3.96
17.72	3.87
17.81	3.49
17.89	3.59
17.98	3.35
18.07	3.17
18.16	3.12
18.25	3.63
18.34	4.14
18.42	3.96
18.51	3.94
18.60	3.55
18.69	3.66
18.78	3.71
18.87	3.73
18.96	3.87
19.04	3.72
19.13	3.61
19.22	4.05
19.31	3.91
19.40	4.00
19.49	3.75
19.58	3.65
19.66	3.62
19.75	3.94
19.84	4.13
19.93	4.03
20.02	4.17
20.11	4.06
20.19	3.89
20.28	3.74
20.37	3.91
20.46	3.52
20.55	3.01
20.64	2.87
20.73	2.94
20.81	3.36
20.86	3.43
20.90	3.31
20.95	3.51
20.99	3.71
21.04	3.80
21.12	3.85
21.21	3.96
21.30	3.84
21.39	3.66
21.48	3.55
21.57	3.72
21.65	3.83
21.74	4.15
21.83	4.06
21.92	4.00
22.01	3.78
22.10	3.71
22.19	3.69
22.27	3.38
22.36	3.46
22.45	3.41
22.54	3.29
22.63	3.35
22.72	3.54
22.81	3.42
22.89	3.47
22.98	3.67
23.07	3.84
23.16	4.17
23.25	4.27
23.34	4.29
23.42	4.07
23.51	3.38
23.60	3.82
23.69	3.91
23.78	3.58
23.87	3.49
23.96	3.33
24.04	3.08
24.13	3.03
24.22	3.22
24.31	3.52
24.40	3.99
24.49	4.19
24.58	4.33
24.63	4.28
24.66	4.04
24.72	3.99
24.75	3.91
24.81	4.06
24.89	3.91
24.98	3.63
25.07	3.57
25.16	3.62
25.25	3.90
25.34	3.97
25.42	4.08
25.51	4.02
25.60	3.87
25.69	3.94
25.78	3.60
25.87	3.52
25.96	3.37
26.04	3.67
26.13	3.86
26.22	3.81
26.31	3.88
26.40	3.98
26.49	4.05
26.58	3.85
26.66	3.66
26.75	3.34
26.84	3.21
26.93	3.29
27.02	3.35
27.11	3.78
27.19	3.91
27.28	4.03
27.37	3.91
27.46	3.86
27.55	3.53
27.64	3.79
27.68	3.12
27.81	3.35
27.90	3.40
27.99	3.76
28.08	3.93
28.17	4.05
28.26	3.85
28.43	3.66
28.52	3.23
28.61	3.23
28.70	3.27
28.79	3.08
28.88	3.09
28.96	3.48
29.05	3.75
29.14	4.11
29.23	4.15
29.32	4.02
29.41	3.50
29.50	3.37
29.58	3.33
29.67	3.12
29.76	3.14
29.85	3.27
29.94	3.42
30.03	3.84
30.12	4.03
30.20	4.03
30.29	3.97
30.38	3.72
30.47	3.51
30.56	3.45
30.65	3.95
30.73	3.96
30.82	4.28
30.91	4.23
30.94	4.18
30.99	4.25
31.02	4.27
31.08	4.18
31.12	3.93
31.20	3.89
31.29	3.63
31.38	3.67
31.47	3.78
31.56	3.60
31.65	3.52
31.73	4.05
31.82	3.99
31.91	4.07
32.00	3.90
32.09	3.78
32.27	3.65
32.35	3.49
32.44	3.44
32.53	3.52
32.62	3.49
32.71	3.70
32.80	3.59
32.88	3.64
32.94	3.63
32.96	3.56
33.03	3.73
33.12	3.36
33.29	3.60
33.38	3.95
33.47	4.05
33.56	4.08
33.65	4.07
33.73	4.14
33.82	4.09
33.91	4.06
34.00	3.58
34.09	3.50
34.18	3.40
34.27	3.50
34.35	3.67
34.44	3.76
34.53	4.04
34.62	3.96
34.71	3.93
34.80	3.69
34.88	3.59
34.97	3.79
35.06	3.82
35.15	3.76
35.24	3.63
35.33	3.65
35.42	3.97
35.50	3.72
35.59	3.50
35.68	3.53
35.77	3.46
35.86	3.49
35.95	3.40
36.04	3.74
36.12	3.66
36.21	3.86
36.30	4.07
36.39	3.95
36.48	3.87
36.57	3.78
36.65	3.65
36.74	3.50
36.83	3.49
36.92	3.51
37.01	3.44
37.10	3.74
37.14	3.81
37.16	3.54
37.36	3.72
37.45	3.71
37.54	3.73
37.63	3.61
37.72	3.62
37.81	3.56
37.89	3.47
37.98	3.37
38.07	3.49
38.16	3.86
38.25	3.87
38.34	4.09
38.42	4.16
38.51	3.97
38.60	3.83
38.69	3.74
38.78	3.67
38.87	3.54
38.96	3.44
39.04	3.47
39.22	3.46
39.35	3.35
39.44	3.95
40.46	3.55
40.55	3.52
40.64	3.87
40.73	3.58
40.81	3.51
40.90	3.53
40.99	3.25
41.08	3.37
41.17	3.88
41.26	3.85
41.35	3.88
41.43	3.52
41.52	3.55
41.61	3.57
41.70	3.50
41.88	3.13
41.96	3.28
42.05	3.17
42.14	3.15
42.23	3.23
42.32	3.43
42.41	3.67
42.50	3.75
42.58	3.70
42.67	3.58
42.85	3.58
42.94	3.91
43.03	4.17
43.12	4.19
43.20	4.20
43.29	4.07
43.38	4.06
43.47	3.87
43.56	3.98
43.65	4.02
43.73	3.91
43.82	3.77
43.91	3.73
44.00	3.60
44.09	3.52
44.12	3.64
44.20	3.75
44.29	3.53
44.38	3.47
44.47	3.84
44.73	3.71
44.82	3.44
44.91	3.55
