0.045	2.989
0.105	2.89
0.155	3.143
0.215	2.757
0.275	2.812
0.335	3.2
0.385	2.831
0.445	2.879
0.505	2.9
0.565	2.833
0.615	2.894
0.675	2.875
0.735	2.854
0.795	2.969
0.845	2.826
0.905	2.836
0.965	2.771
1.025	2.826
1.075	2.773
1.135	2.839
1.195	2.864
1.255	2.759
1.305	2.918
1.365	2.827
1.425	3.181
1.485	3.138
1.535	2.82
1.595	2.796
1.655	2.81
1.715	2.914
1.765	2.854
1.825	3.103
1.885	2.983
1.945	3.052
1.995	3.1
2.055	3.274
2.115	3.303
2.175	3.29
2.225	3.47
2.285	3.419
2.345	3.679
2.405	3.301
2.515	3.582
2.575	3.518
2.625	3.538
2.685	3.665
2.745	3.533
2.805	3.792
2.855	3.722
2.915	3.72
2.975	3.803
3.035	3.825
3.085	3.856
3.145	3.758
3.205	3.792
3.265	4.289
3.315	4.685
3.375	4.638
3.435	4.586
3.495	4.683
3.545	4.667
3.605	4.568
3.665	4.569
3.725	4.454
3.775	4.328
3.835	4.263
3.895	4.194
3.955	4.406
4.005	4.347
4.065	4.352
4.125	4.386
4.185	4.089
4.235	4.121
4.295	4.301
4.355	4.165
4.415	4.083
4.465	4.47
4.525	4.45
4.585	4.526
4.645	4.44
4.695	4.352
4.755	4.412
4.815	4.408
4.875	4.396
4.985	4.457
5.045	4.326
5.105	4.423
5.155	4.406
5.215	4.36
5.275	4.399
5.335	4.314
5.385	4.521
5.44	4.473
5.495	4.337
5.555	4.347
5.605	4.334
5.915	4.437
5.965	4.244
6.025	4.438
6.075	4.362
6.135	4.402
6.185	4.306
6.245	4.302
6.295	4.183
6.355	4.3
6.405	4.224
6.465	4.251
6.515	4.164
6.575	4.248
6.625	4.237
6.685	4.26
6.735	4.218
6.795	4.205
6.845	4.221
6.905	4.255
6.955	4.266
7.015	4.043
7.065	4.157
7.125	4.253
7.175	4.173
7.235	4.347
7.285	4.042
7.335	4.225
7.395	4.06
7.445	4.161
7.505	4.08
7.555	4.169
7.615	4.09
7.665	4.008
7.725	4.042
7.775	4.283
7.835	4.293
7.885	4.258
7.945	4.026
7.995	4.097
8.055	3.981
8.105	4.198
8.165	4.171
8.215	4.034
8.275	3.929
8.325	3.982
8.385	3.926
8.435	3.99
8.495	3.947
8.545	4.014
8.595	3.93
8.655	3.992
8.705	4.017
8.765	3.874
8.815	4.044
8.875	3.925
8.925	3.974
8.985	3.855
9.035	3.851
9.095	3.867
9.145	3.873
9.205	3.86
9.255	3.976
9.315	3.853
9.365	3.7
9.425	3.84
9.475	3.851
9.535	3.712
9.585	3.917
9.645	3.842
9.695	3.805
9.755	3.815
9.805	3.908
9.865	3.922
9.915	3.964
9.965	3.932
10.025	3.877
10.075	4.048
10.135	4.003
10.185	3.945
10.245	3.962
10.295	4.041
10.355	3.854
10.405	3.952
10.465	3.832
10.515	3.833
10.575	4.073
10.625	3.906
10.685	3.902
10.735	3.941
10.795	3.99
10.845	3.835
10.905	3.949
10.955	4.14
11.015	3.777
11.065	3.712
11.125	3.929
11.175	3.981
11.235	4.05
11.285	3.82
11.335	4.005
11.395	3.99
11.445	3.782
11.505	3.896
11.555	3.77
11.615	3.861
11.665	3.855
11.725	3.892
11.775	3.796
11.835	3.791
11.885	3.853
11.945	3.7
11.995	3.835
12.055	3.826
12.105	3.793
12.165	3.898
12.215	3.929
12.275	4.026
12.325	4.069
12.385	4.132
12.435	4.098
12.495	3.97
12.545	4.013
12.595	4.058
12.655	4.035
12.705	4.013
12.765	4.046
12.815	4.075
12.875	4.104
12.925	3.966
12.985	4.025
13.035	3.93
13.095	3.977
13.145	3.956
13.205	3.935
13.255	3.867
13.315	3.881
13.365	3.75
13.425	3.685
13.475	3.763
13.535	3.938
13.585	3.884
13.645	3.455
13.695	3.763
13.805	3.696
13.865	3.745
13.915	3.791
13.995	3.697
14.055	3.804
14.105	3.664
14.165	3.591
14.215	3.629
14.275	3.633
14.325	3.598
14.385	3.569
14.435	3.561
14.495	3.516
14.545	3.497
14.595	3.395
14.655	3.267
14.705	3.508
14.765	3.268
14.815	3.341
14.875	3.465
14.925	3.345
14.985	3.291
15.035	3.844
15.095	3.458
15.445	3.334
15.505	3.327
15.565	3.266
15.625	3.298
15.675	3.353
15.735	3.348
15.795	3.388
15.855	3.504
15.915	3.664
15.975	3.639
16.035	3.625
16.085	3.609
16.145	3.596
16.205	3.473
16.265	3.677
16.325	3.632
16.385	3.765
16.445	3.665
16.495	3.845
16.555	3.783
16.615	3.708
16.675	3.713
16.735	3.786
16.795	3.672
16.855	3.728
16.905	3.654
16.965	3.621
17.025	3.621
17.085	3.808
17.145	3.648
17.205	3.684
17.265	3.669
17.315	3.625
17.375	3.587
17.435	3.655
17.495	3.583
17.555	3.601
17.615	3.523
17.675	3.501
17.725	3.532
17.785	3.557
17.845	3.488
17.905	3.364
17.965	3.372
18.025	3.486
18.085	3.511
18.135	3.485
18.195	3.444
18.255	3.438
18.315	3.334
18.375	3.39
18.435	3.411
18.495	3.405
18.545	3.365
18.605	3.255
18.665	3.35
18.725	3.43
18.785	3.378
18.845	3.289
18.905	3.262
18.955	3.317
19.015	3.188
19.075	3.264
19.135	3.278
19.195	3.593
19.255	3.251
19.315	3.337
19.375	3.262
19.425	3.662
19.485	3.157
19.545	3.454
19.605	3.476
19.665	3.472
19.725	3.459
19.785	3.459
19.835	3.525
19.895	3.4
19.955	3.53
20.015	3.5
20.075	3.587
20.135	3.406
20.195	3.514
20.245	3.255
20.305	3.583
20.365	3.528
20.425	3.568
20.485	3.517
20.545	3.537
20.605	3.69
20.655	3.682
20.715	3.622
20.775	3.721
20.835	3.629
20.895	3.681
20.955	3.609
21.015	3.626
21.065	3.478
21.125	3.586
21.185	3.456
21.245	3.253
21.305	3.341
21.365	3.329
21.425	3.469
21.475	3.227
21.535	3.356
21.595	3.138
21.655	3.32
21.715	3.133
21.775	3.087
21.835	3.073
21.885	3.029
21.945	3.179
22.005	3.019
22.065	3.021
22.125	3.189
22.185	2.727
22.245	3.27
22.295	2.802
22.355	2.945
22.415	2.695
22.475	3.216
22.535	3.206
22.595	3.232
22.655	2.931
22.705	3.168
22.765	2.933
22.825	2.961
22.885	3.027
22.945	3.816
23.005	3.339
23.065	2.906
23.125	3.159
23.175	3.138
23.235	3.468
23.295	3.27
23.355	2.67
23.415	2.904
23.475	3.102
23.535	3.699
23.585	2.847
23.645	3.047
23.705	2.743
23.765	2.911
23.825	2.756
23.885	3.25
23.945	3.708
23.995	3.698
24.055	3.826
24.115	3.84
24.175	3.576
24.235	3.161
24.295	3.616
24.355	3.796
24.405	3.628
24.465	3.589
24.525	3.604
24.585	3.75
24.645	3.625
24.705	3.775
24.765	3.718
24.815	3.699
24.875	3.822
