   1.1000000e-01   2.3865000e+00
   7.8858792e-01   2.3846667e+00
   1.4671758e+00   2.3186667e+00
   2.1457637e+00   2.3910000e+00
   2.8243517e+00   2.3283333e+00
   3.5029396e+00   2.1960000e+00
   4.1815275e+00   2.3250000e+00
   4.8601154e+00   2.2910000e+00
   5.5387033e+00   2.3775000e+00
   6.2172912e+00   2.3150000e+00
   6.8958792e+00   2.2963333e+00
   7.5744671e+00   2.2795000e+00
   8.2530550e+00   2.2866667e+00
   8.9159604e+00   2.3695000e+00
   9.5191496e+00   2.2875000e+00
   1.0122339e+01   2.2880000e+00
   1.0725528e+01   2.3355000e+00
   1.1314754e+01   2.3283333e+00
   1.1880244e+01   2.4225000e+00
   1.2445734e+01   2.4510000e+00
   1.3011224e+01   2.5455000e+00
   1.3576714e+01   2.4700000e+00
   1.4090578e+01   2.4515000e+00
   1.4452492e+01   2.5080000e+00
   1.4814405e+01   2.4090000e+00
   1.5176319e+01   2.4420000e+00
   1.6165549e+01   2.4042000e+00
   1.6530663e+01   2.2453333e+00
   1.6932789e+01   2.4393333e+00
   1.7334915e+01   2.5791667e+00
   1.7670531e+01   2.5495000e+00
   1.7972126e+01   2.8126667e+00
   1.8273720e+01   2.8450000e+00
   1.8575315e+01   3.0240000e+00
   1.8876909e+01   3.1540000e+00
   1.9178504e+01   3.3220000e+00
   1.9449766e+01   3.1243333e+00
   1.9717850e+01   3.2618000e+00
   1.9985934e+01   3.4185000e+00
   2.0255358e+01   3.2026667e+00
   2.0556953e+01   3.0317500e+00
   2.0858548e+01   2.8635000e+00
   2.1160142e+01   2.9925000e+00
   2.1461737e+01   2.8763333e+00
   2.1763331e+01   3.0000000e+00
   2.2095756e+01   3.0060000e+00
   2.2430861e+01   2.9370000e+00
   2.2744300e+01   3.1130000e+00
   2.2995628e+01   3.0186667e+00
   2.3246957e+01   3.0586667e+00
   2.3450229e+01   3.0935000e+00
   2.3651292e+01   3.1195000e+00
   2.4254481e+01   3.2010000e+00
   2.4656607e+01   3.5995000e+00
   2.4857670e+01   3.4130000e+00
   2.5058734e+01   3.7210000e+00
   2.5259797e+01   3.5766667e+00
   2.5460860e+01   3.2383333e+00
   2.5935532e+01   3.8716667e+00
   2.6186861e+01   3.8690000e+00
   2.6438190e+01   3.8426667e+00
   2.6689519e+01   3.9513333e+00
   2.6898718e+01   3.9665000e+00
   2.7099781e+01   3.9416667e+00
   2.7300844e+01   3.7845000e+00
   2.7501908e+01   3.8416667e+00
   2.7702971e+01   3.9863333e+00
   2.7908142e+01   3.9130000e+00
   2.8159471e+01   3.9725000e+00
   2.8410800e+01   3.8402500e+00
   2.8662129e+01   3.8180000e+00
   2.8913458e+01   3.8406667e+00
   2.9188744e+01   3.7290000e+00
   2.9490338e+01   3.8725000e+00
   2.9791933e+01   3.8015000e+00
   3.0093528e+01   3.7698000e+00
   3.0395122e+01   3.7472500e+00
   3.0696717e+01   3.7366667e+00
   3.1022446e+01   3.7508000e+00
   3.1357551e+01   3.7457500e+00
   3.1692656e+01   3.7850000e+00
   3.2038919e+01   3.7356000e+00
   3.2415912e+01   3.8104000e+00
   3.2792906e+01   3.7828333e+00
   3.3169899e+01   3.7470000e+00
   3.3546892e+01   3.8400000e+00
   3.3923886e+01   3.7268000e+00
   3.4300879e+01   3.8328333e+00
   3.4677872e+01   3.9150000e+00
   3.5054865e+01   3.7996667e+00
   3.5433269e+01   3.7280000e+00
   3.5835395e+01   3.7015000e+00
   3.6237522e+01   3.7376667e+00
   3.6639648e+01   3.7271667e+00
   3.7041774e+01   3.7034000e+00
   3.7443900e+01   3.8885000e+00
   3.7876158e+01   3.8832500e+00
   3.8363893e+01   3.5820000e+00
   3.8766019e+01   3.7280000e+00
   3.9168145e+01   3.7996000e+00
   3.9570271e+01   3.8836667e+00
   3.9972397e+01   3.7091667e+00
   4.0355221e+01   3.7170000e+00
   4.1079048e+01   3.7630000e+00
   4.1440962e+01   3.5410000e+00
   4.1802876e+01   3.6432500e+00
   4.2888616e+01   3.7630000e+00
   4.3250530e+01   3.5320000e+00
   4.3612443e+01   3.5745000e+00
   4.3964706e+01   3.6550000e+00
   4.4286407e+01   3.5283333e+00
   4.4608108e+01   3.5240000e+00
   4.4929809e+01   3.5876000e+00
   4.5252237e+01   3.5275714e+00
   4.5654363e+01   3.5791667e+00
   4.6056489e+01   3.5750000e+00
   4.6458615e+01   3.4345000e+00
   4.6860742e+01   3.5284286e+00
   4.7355590e+01   3.4950000e+00
   4.7891759e+01   3.4554000e+00
   4.8427927e+01   3.3807143e+00
   4.8964095e+01   3.4896250e+00
   4.9500263e+01   3.5403333e+00
   5.0036432e+01   3.4976667e+00
   5.0572600e+01   3.5122857e+00
   5.0990811e+01   3.4580000e+00
   5.1392937e+01   3.4495000e+00
   5.1762893e+01   3.3026000e+00
   5.2064488e+01   3.4940000e+00
   5.2366083e+01   3.5670000e+00
   5.2667677e+01   3.5430000e+00
   5.2969272e+01   3.5200000e+00
   5.3270866e+01   3.3833333e+00
   5.3572461e+01   3.5520000e+00
   5.3874056e+01   3.5320000e+00
   5.4175650e+01   3.2147500e+00
   5.4477245e+01   3.3487500e+00
   5.4774014e+01   3.3616250e+00
   5.5015290e+01   3.2875000e+00
   5.5256565e+01   3.3187500e+00
   5.5497841e+01   3.3810000e+00
   5.5739117e+01   3.6190000e+00
   5.5980393e+01   3.5643333e+00
   5.6221668e+01   3.5280000e+00
   5.6517705e+01   3.4365000e+00
   5.6819300e+01   3.5844000e+00
   5.7120894e+01   3.3650000e+00
   5.7422489e+01   3.6600000e+00
   5.7724083e+01   3.5257500e+00
   5.8025678e+01   3.6155000e+00
   5.8327273e+01   3.4453333e+00
   5.9250988e+01   3.3770000e+00
   5.9612902e+01   3.3957500e+00
   6.0347211e+01   3.1560000e+00
   6.0799603e+01   3.4086667e+00
   6.1251995e+01   3.4993333e+00
   6.1704387e+01   3.4351667e+00
   6.2156779e+01   3.4590000e+00
   6.2609170e+01   3.5708333e+00
   6.3061562e+01   3.5280000e+00
   6.3468126e+01   3.3653333e+00
   6.3870252e+01   3.3855000e+00
   6.4619703e+01   3.4323333e+00
   6.4954809e+01   3.4932857e+00
   6.5289914e+01   3.4455000e+00
   6.5625019e+01   3.4296000e+00
   6.5960124e+01   3.4905000e+00
   6.6348846e+01   3.4346667e+00
   6.6750972e+01   3.3610000e+00
   6.7153098e+01   3.2557500e+00
   6.7523622e+01   3.2940000e+00
   6.7885536e+01   3.3003333e+00
   6.8247449e+01   3.2938000e+00
   6.8609363e+01   3.3496000e+00
   6.8971276e+01   3.3524000e+00
   6.9333190e+01   3.3572500e+00
   6.9695103e+01   3.2850000e+00
   7.0057017e+01   3.3580000e+00
   7.0418930e+01   3.4523333e+00
   7.0780844e+01   3.5240000e+00
   7.1233236e+01   3.4553333e+00
   7.1685628e+01   3.4927500e+00
   7.2138020e+01   3.4580000e+00
   7.2943586e+01   3.3755000e+00
   7.3320580e+01   3.2780000e+00
   7.3697573e+01   3.2618000e+00
   7.4074566e+01   3.1845000e+00
   7.4451560e+01   3.2846000e+00
   7.4828553e+01   3.2876667e+00
   7.5205546e+01   3.2608333e+00
   7.5582539e+01   3.2215000e+00
   7.5959533e+01   3.2700000e+00
   7.6336526e+01   3.2142857e+00
   7.6713519e+01   3.2600000e+00
   7.7090513e+01   3.4115000e+00
   7.7467506e+01   3.4070000e+00
   7.7844499e+01   3.3896000e+00
   7.8221492e+01   3.3790000e+00
   7.8525689e+01   3.2930000e+00
   7.8827283e+01   3.3893333e+00
   7.9128878e+01   3.4970000e+00
   7.9422758e+01   3.4580000e+00
   7.9664034e+01   3.4615000e+00
   7.9905309e+01   3.4357500e+00
   8.0146585e+01   3.3343333e+00
   8.0387861e+01   3.3622500e+00
   8.0629136e+01   3.2477500e+00
   8.0870412e+01   3.2260000e+00
   8.1111688e+01   3.2185000e+00
   8.1352964e+01   3.3285000e+00
   8.1594239e+01   3.3293333e+00
   8.1827464e+01   3.4626667e+00
   8.2053660e+01   3.3280000e+00
   8.2279856e+01   3.4976667e+00
   8.2506052e+01   3.5730000e+00
   8.2732248e+01   3.5896667e+00
   8.2958444e+01   3.5775000e+00
   8.3184640e+01   3.5763333e+00
   8.3410836e+01   3.6576667e+00
   8.3649981e+01   3.6703333e+00
   8.3810000e+01   3.6350000e+00
   8.4120000e+01   3.5770000e+00
   8.4410000e+01   3.7960000e+00
   8.4710000e+01   3.6440000e+00
   8.5010000e+01   3.6300000e+00
   8.5400000e+01   3.6360000e+00
   8.5700000e+01   3.6350000e+00
   8.6400000e+01   3.8580000e+00
   8.6700000e+01   3.6150000e+00
   8.6970000e+01   3.5880000e+00
   8.7270000e+01   3.5790000e+00
   8.7560000e+01   3.6290000e+00
   8.7870000e+01   3.4950000e+00
   8.8160000e+01   3.6200000e+00
   8.8450000e+01   3.3300000e+00
   8.9450000e+01   3.1290000e+00
   9.0730000e+01   3.4890000e+00
   9.1640000e+01   3.7700000e+00
   9.2090000e+01   3.6230000e+00
   9.3100000e+01   3.5860000e+00
   9.5130000e+01   3.2460000e+00
   9.5130000e+01   3.3980000e+00
   9.6070000e+01   3.0660000e+00
   9.9040000e+01   3.4040000e+00
   1.0004000e+02   3.1340000e+00
   1.0157000e+02   3.1030000e+00
   1.0255000e+02   2.9740000e+00
   1.0363000e+02   2.9450000e+00
   1.0463000e+02   2.8610000e+00
   1.0564000e+02   3.1500000e+00
   1.0664000e+02   2.9660000e+00
   1.0867000e+02   3.0090000e+00
   1.0967000e+02   3.1090000e+00
   1.0967000e+02   3.4030000e+00
   1.1064000e+02   3.2010000e+00
   1.1306000e+02   3.2970000e+00
   1.1407000e+02   3.1480000e+00
   1.1912000e+02   3.2520000e+00
   1.2055000e+02   3.1520000e+00
   1.2093000e+02   3.0010000e+00
   1.2155000e+02   3.0010000e+00
   1.2269000e+02   2.9360000e+00
   1.2269000e+02   3.0580000e+00
   1.2369000e+02   2.9210000e+00
   1.2468000e+02   3.0860000e+00
   1.2569000e+02   2.9110000e+00
   1.2669000e+02   2.7680000e+00
   1.2772000e+02   2.7490000e+00
   1.2869000e+02   2.9350000e+00
   1.2969000e+02   2.7540000e+00
   1.3005000e+02   2.9200000e+00
   1.3205000e+02   2.8410000e+00
   1.3308000e+02   2.7640000e+00
   1.3414000e+02   2.6510000e+00
   1.3414000e+02   2.9040000e+00
   1.3515000e+02   2.8770000e+00
   1.3623000e+02   3.0500000e+00
   1.3669000e+02   2.6920000e+00
   1.3717000e+02   2.9960000e+00
   1.3723000e+02   2.9710000e+00
   1.3778000e+02   2.8380000e+00
   1.3829000e+02   2.7150000e+00
   1.3842000e+02   2.9250000e+00
   1.3935000e+02   2.8890000e+00
   1.3955000e+02   3.1310000e+00
   1.4055000e+02   2.5980000e+00
   1.4055000e+02   2.9010000e+00
   1.4155000e+02   2.4080000e+00
   1.4255000e+02   2.3500000e+00
   1.4255000e+02   2.5650000e+00
   1.4364000e+02   2.1530000e+00
   1.4364000e+02   2.3460000e+00
   1.4480000e+02   2.3830000e+00
   1.4573000e+02   2.1910000e+00
   1.4782000e+02   1.8520000e+00
   1.4915000e+02   2.2360000e+00
   1.5005000e+02   2.1340000e+00
   1.5005000e+02   2.2040000e+00
   1.5180592e+02   2.0980000e+00
   1.5214109e+02   2.1486667e+00
   1.5247625e+02   2.2015000e+00
   1.5281141e+02   2.1730000e+00
   1.5314657e+02   2.1942500e+00
   1.5348174e+02   2.1298333e+00
   1.5381690e+02   2.1868000e+00
   1.5415206e+02   2.3055000e+00
   1.5448723e+02   2.2650000e+00
   1.5480694e+02   2.3138333e+00
   1.5514629e+02   2.4008333e+00
   1.5548563e+02   2.2645714e+00
   1.5582498e+02   2.3800000e+00
   1.5616432e+02   2.4155000e+00
   1.5648761e+02   2.7620000e+00
   1.5678929e+02   2.8198333e+00
   1.5709098e+02   2.8370000e+00
   1.5739266e+02   2.9538000e+00
   1.5769435e+02   3.0340000e+00
   1.5799603e+02   3.0155000e+00
   1.5831535e+02   3.1158333e+00
   1.5863708e+02   3.2580000e+00
   1.5902992e+02   3.2356667e+00
   1.5943198e+02   3.1363333e+00
   1.5983403e+02   3.4128333e+00
   1.6023609e+02   3.4418889e+00
   1.6063815e+02   3.5093750e+00
   1.6104020e+02   3.4610000e+00
   1.6144226e+02   3.4658571e+00
   1.6190001e+02   3.4951000e+00
   1.6238281e+02   3.5583750e+00
   1.6286549e+02   3.6761250e+00
   1.6335749e+02   3.7560000e+00
   1.6396016e+02   3.6017000e+00
   1.6456329e+02   3.5714167e+00
   1.6519375e+02   3.5409091e+00
   1.6575928e+02   3.5934000e+00
   1.6632480e+02   3.5942222e+00
   1.6685213e+02   3.7654444e+00
   1.6722872e+02   3.7460000e+00
   1.6752182e+02   3.6956000e+00
   1.6777332e+02   3.6586000e+00
   1.6802481e+02   3.6495000e+00
   1.6827630e+02   3.7095000e+00
   1.6852382e+02   3.7190000e+00
   1.6870154e+02   3.7820000e+00
   1.6885206e+02   3.7876667e+00
   1.6900258e+02   3.8536667e+00
   1.6914067e+02   3.8360000e+00
   1.6926145e+02   3.8050000e+00
   1.6937835e+02   3.7685000e+00
   1.6947491e+02   3.6780000e+00
   1.6957147e+02   3.8005000e+00
   1.6966803e+02   3.8145000e+00
   1.6976459e+02   3.6815000e+00
   1.7005427e+02   3.6980000e+00
   1.7015083e+02   3.6460000e+00
   1.7024739e+02   3.7050000e+00
   1.7036794e+02   3.5835000e+00
   1.7048864e+02   3.6390000e+00
   1.7060934e+02   3.5156667e+00
   1.7073004e+02   3.5445000e+00
   1.7085070e+02   3.6300000e+00
   1.7097120e+02   3.6130000e+00
   1.7109169e+02   3.6656667e+00
   1.7121218e+02   3.6920000e+00
   1.7133267e+02   3.6720000e+00
   1.7145325e+02   3.7790000e+00
   1.7157395e+02   3.7115000e+00
   1.7169465e+02   3.7400000e+00
   1.7181535e+02   3.5990000e+00
   1.7193605e+02   3.6845000e+00
   1.7207125e+02   3.6976667e+00
   1.7221601e+02   3.5930000e+00
   1.7236076e+02   3.6043333e+00
   1.7250552e+02   3.5636667e+00
   1.7265028e+02   3.8126667e+00
   1.7279503e+02   3.7530000e+00
   1.7293979e+02   3.7656667e+00
   1.7308455e+02   3.6510000e+00
   1.7322931e+02   3.6600000e+00
   1.7337406e+02   3.6630000e+00
   1.7351882e+02   3.7133333e+00
   1.7366358e+02   3.8230000e+00
